1 0.3233548387096774 0.10795895096921324 0.06575 0.03422462941847206
1 0.34337903225806454 0.13838654503990877 0.07351612903225806 0.031693272519954394
1 0.35443548387096774 0.1711345496009122 0.07291935483870968 0.03295895096921323
1 0.35593548387096774 0.24846066134549602 0.07710483870967742 0.03802736602052452
1 0.3553306451612903 0.27972633979475486 0.06634677419354838 0.032115165336374
1 0.4551532258064516 0.3536716077537058 0.0639516129032258 0.061693272519954385
1 0.4620241935483871 0.40543329532497147 0.06813709677419355 0.04183010262257697
1 0.36070967741935483 0.45804446978335234 0.0842741935483871 0.044789053591790196
1 0.3496532258064516 0.5155074116305588 0.0920483870967742 0.05493158494868871
1 0.34816129032258064 0.626641961231471 0.07710483870967742 0.044789053591790196
1 0.34696774193548385 0.6976282782212088 0.057975806451612905 0.02957810718358039
1 0.36220967741935484 0.7692474344355759 0.0645483870967742 0.04774800456100342
1 0.3475645161290323 0.8605188141391106 0.06275806451612903 0.051128848346636266
2 0.4354274193548387 0.8541847206385405 0.12013709677419354 0.009720638540478907
2 0.4688225806451613 0.759623717217788 0.15336290322580645 0.01290193842645382
2 0.4375645161290323 0.6963568985176739 0.12268548387096774 0.009332953249714938
2 0.44475000000000003 0.6167559863169897 0.11919354838709678 0.009332953249714938
2 0.44668548387096774 0.5167103762827822 0.10754838709677421 0.0156442417331813
2 0.46784677419354836 0.4571436716077537 0.13278225806451613 0.016191562143671605
2 0.534241935483871 0.42187571265678453 0.07765322580645162 0.00823261117445838
2 0.5190967741935484 0.36931014823261116 0.1017258064516129 0.010153933865450398
2 0.4433870967741935 0.2807924743443558 0.1125967741935484 0.009332953249714938
2 0.4457177419354839 0.2423660205245154 0.1056048387096774 0.00823261117445838
2 0.44436290322580646 0.17704104903078677 0.11298387096774193 0.011527936145952109
2 0.44979838709677417 0.14011972633979475 0.14637096774193548 0.017839224629418473
2 0.4259193548387097 0.09181299885974914 0.14520967741935484 0.009606613454960092
0 0.6363548387096775 0.08783352337514254 0.27333064516129035 0.06148232611174458
0 0.6466370967741936 0.14259407069555302 0.2504274193548387 0.03541049030786773
0 0.600241935483871 0.18541049030786771 0.19800806451612904 0.050781071835803875
0 0.5831612903225807 0.23413340935005703 0.16928225806451613 0.041721778791334097
0 0.6237338709677419 0.28271379703534777 0.24343548387096775 0.021955530216647662
0 0.6235403225806452 0.3706841505131129 0.1017258064516129 0.015096921322690993
0 0.5971370967741936 0.4254446978335234 0.046588709677419356 0.01427023945267959
0 0.5804435483870968 0.4557753705815279 0.07221774193548387 0.012348916761687572
0 0.705266129032258 0.5195895096921322 0.4072822580645161 0.018665906499429875
0 0.6200483870967742 0.6204618015963512 0.22674193548387098 0.05352337514253135
0 0.5891774193548387 0.704042189281642 0.1735483870967742 0.029093500570125427
0 0.6596451612903226 0.7564652223489167 0.22751612903225807 0.03403648802736602
0 0.6064596774193548 0.863648802736602 0.21975 0.031014823261117444