1 0.6409999999999999 0.01985746864310148 0.0639596774193548 0.027132269099201828
1 0.6532338709677419 0.07057582668187003 0.1251370967741936 0.03578107183580388
1 0.6201451612903226 0.11323831242873432 0.0656290322580646 0.029880273660205226
1 0.6268145161290323 0.145478905359179 0.05783870967741938 0.03460091220068415
1 0.6301532258064516 0.20268529076396807 0.043379032258064484 0.038922462941847195
1 0.7049596774193548 0.23767958950969212 0.09510483870967747 0.038922462941847195
1 0.12877419354838715 0.020250855188141393 0.11067741935483871 0.027132269099201828
1 0.12015322580645162 0.0870866590649943 0.07118548387096772 0.04679019384264538
1 0.1115322580645161 0.13151653363740023 0.06618548387096773 0.036567844925883684
1 0.16020161290322588 0.15727480045610034 0.055612903225806434 0.03460091220068417
1 0.12210483870967749 0.20799315849486888 0.0606209677419355 0.04718358038768528
1 0.1254354838709677 0.25517673888255415 0.07174193548387095 0.039315849486887135
1 0.15908870967741934 0.33832953249714937 0.06562903225806452 0.048363740022804975
1 0.1373951612903225 0.3988825541619156 0.06006451612903227 0.04521664766248572
1 0.13959677419354832 0.4993557582668187 0.05933870967741934 0.02299315849486883
1 0.10773387096774187 0.5221949828962371 0.06944354838709678 0.03573546180159639
1 0.16883064516129026 0.5779703534777652 0.07296774193548389 0.032936145952109454
1 0.11322580645161298 0.6174344355758267 0.08483064516129032 0.04039338654503986
1 0.12377419354838712 0.6537913340935005 0.07428225806451615 0.03915051311288487
1 0.13871774193548386 0.6985347776510833 0.07955645161290321 0.03417901938426444
1 0.14487096774193556 0.7247947548460661 0.05230645161290324 0.023306727480045673
1 0.19300000000000003 0.755866590649943 0.04219354838709679 0.023928164196123033
1 0.1290483870967742 0.8542132269099202 0.06197580645161291 0.04225769669327246
1 0.15103225806451612 0.8829589509692133 0.06109677419354838 0.025171037628278273
2 0.6965000000000001 0.030450399087799312 0.08834677419354835 0.009942987457240591
2 0.714483870967742 0.06453249714937286 0.10267741935483866 0.006402508551881408
2 0.6971854838709677 0.1145096921322691 0.08840322580645152 0.008928164196123162
2 0.6999354838709678 0.16060433295324972 0.0862016129032259 0.011060433295324959
2 0.6941693548387097 0.19709236031927024 0.08565322580645164 0.014942987457240613
2 0.7461935483870967 0.2370752565564424 0.07714516129032264 0.014942987457240613
2 0.2061774193548387 0.029697833523375145 0.1298548387096774 0.010091220068415053
2 0.20713709677419356 0.08675598631698973 0.10377419354838713 0.013586088939566695
2 0.1967096774193548 0.13323831242873432 0.10926612903225807 0.008346636259977187
2 0.22745161290322577 0.16429304446978335 0.07851612903225808 0.006790193842645364
2 0.20865322580645163 0.20252565564424174 0.1155806451612903 0.007183580387685303
2 0.21427419354838714 0.24532497149372862 0.10596774193548385 0.011647662485746836
2 0.22004032258064518 0.2766704675028506 0.0938951612903226 0.007958950969213247
1 0.16965322580645154 0.28741733181299883 0.09788709677419355 0.05111174458380846
2 0.2201774193548387 0.3196579247434435 0.09471774193548388 0.02367730900798174
2 0.21729838709677424 0.39845496009122006 0.1010322580645161 0.008928164196123193
2 0.2190806451612903 0.4401824401368301 0.09691129032258064 0.019407069555302147
2 0.2426935483870968 0.46687001140250856 0.1045967741935484 0.010285062713797014
2 0.2233387096774194 0.5026795895096922 0.11145967741935486 0.0116476624857469
2 0.2 0.5340250855188141 0.1125564516129032 0.017274800456100317
2 0.23308064516129032 0.5817673888255416 0.06725806451612902 0.009509692132269135
2 0.21029838709677418 0.6176738882554162 0.11063709677419357 0.011453819840364964
2 0.21468548387096778 0.6543557582668187 0.10679838709677422 0.012229190421892713
2 0.2179838709677419 0.6951140250855188 0.08208870967741935 0.008346636259977122
2 0.2105725806451613 0.734224629418472 0.08208870967741935 0.010091220068414947
2 0.26877419354838705 0.7698403648802736 0.1117338709677419 0.00989737742303314
2 0.2094758064516129 0.8358266818700114 0.09745967741935485 0.009509692132269007
2 0.2192177419354839 0.9008437856328392 0.08455645161290325 0.010285062713797014
0 0.4063145161290323 0.9016191562143672 0.28854032258064516 0.01611174458380856
0 0.393 0.8321379703534777 0.2679435483870968 0.031248574686430983
0 0.41647580645161286 0.7692531356898518 0.17817741935483875 0.012616875712656846
0 0.34316935483870964 0.7430558722919042 0.18091935483870966 0.027366020524515394
0 0.3836693548387097 0.6843443557582668 0.2382983870967742 0.03920752565564423
0 0.3148951612903226 0.6548403648802736 0.09416935483870967 0.010478905359179082
0 0.32560483870967744 0.6179646522234892 0.11558064516129027 0.010866590649942956
0 0.4455725806451613 0.5788597491448119 0.35333064516129037 0.03590649942987452
0 0.3563467741935484 0.5484834663625997 0.18476612903225803 0.031830102622576927
0 0.3596451612903226 0.5027765108323832 0.15071774193548382 0.02891676168757128
0 0.42072580645161295 0.4676453819840365 0.24817741935483872 0.015330672748004618
0 0.38641129032258065 0.43251995438996577 0.23116129032258068 0.016887115165336312
0 0.38998387096774195 0.39709806157354616 0.23994354838709675 0.013198403648802788
0 0.3751935483870968 0.3162599771949829 0.21139516129032263 0.026505131128848353
0 0.38941129032258065 0.2786716077537058 0.2411290322580645 0.014851767388825515
0 0.39862903225806445 0.24633409350057012 0.2595564516129032 0.0397605473204105
0 0.376 0.20566134549600915 0.2162419354838709 0.012337514253135682
0 0.37099193548387094 0.1655587229190422 0.20557258064516132 0.011653363740022836
0 0.3635564516129032 0.13505131128848347 0.22432258064516136 0.023306727480045607
0 0.3068306451612903 0.08078107183580388 0.09276612903225805 0.02125427594070695
0 0.36985483870967745 0.032445838084378564 0.1942661290322581 0.03793044469783352