1 0.35900000000000004 0.01985746864310148 0.06395967741935484 0.027132269099201828
1 0.34676612903225806 0.07057582668187001 0.12513709677419355 0.035781071835803875
1 0.3798548387096774 0.11323831242873432 0.06562903225806452 0.029880273660205244
1 0.3731854838709677 0.145478905359179 0.05783870967741935 0.03460091220068415
1 0.3698467741935484 0.20268529076396807 0.04337903225806451 0.0389224629418472
1 0.29504032258064516 0.23767958950969212 0.09510483870967743 0.0389224629418472
1 0.8712258064516128 0.020250855188141393 0.11067741935483871 0.027132269099201828
1 0.8798467741935484 0.0870866590649943 0.07118548387096774 0.04679019384264538
1 0.888467741935484 0.13151653363740023 0.06618548387096773 0.03656784492588369
1 0.8397983870967741 0.15727480045610034 0.05561290322580645 0.03460091220068415
1 0.8778951612903225 0.20799315849486888 0.06062096774193548 0.047183580387685296
1 0.8745645161290323 0.25517673888255415 0.07174193548387096 0.039315849486887114
1 0.8409112903225806 0.33832953249714937 0.06562903225806452 0.04836374002280502
1 0.8626048387096775 0.3988825541619156 0.06006451612903226 0.045216647662485746
1 0.8604032258064517 0.4993557582668187 0.05933870967741935 0.02299315849486887
1 0.8922661290322581 0.5221949828962371 0.06944354838709678 0.03573546180159635
1 0.8311693548387098 0.5779703534777652 0.07296774193548387 0.03293614595210947
1 0.886774193548387 0.6174344355758267 0.08483064516129032 0.040393386545039905
1 0.8762258064516129 0.6537913340935005 0.07428225806451613 0.03915051311288484
1 0.8612822580645161 0.6985347776510833 0.07955645161290323 0.03417901938426454
1 0.8551290322580645 0.7247947548460661 0.052306451612903225 0.02330672748004561
1 0.8069999999999999 0.755866590649943 0.042193548387096776 0.023928164196123147
1 0.8709516129032259 0.8542132269099202 0.0619758064516129 0.04225769669327252
1 0.8489677419354839 0.8829589509692133 0.06109677419354839 0.02517103762827822
2 0.3035 0.030450399087799312 0.08834677419354839 0.009942987457240593
2 0.2855161290322581 0.06453249714937286 0.1026774193548387 0.006402508551881414
2 0.30281451612903226 0.1145096921322691 0.08840322580645162 0.008928164196123148
2 0.30006451612903223 0.16060433295324972 0.08620161290322581 0.01106043329532497
2 0.3058306451612903 0.19709236031927024 0.08565322580645161 0.014942987457240594
2 0.25380645161290327 0.2370752565564424 0.07714516129032258 0.014942987457240594
2 0.7938225806451613 0.029697833523375145 0.12985483870967743 0.010091220068415051
2 0.7928629032258064 0.08675598631698973 0.1037741935483871 0.013586088939566704
2 0.8032903225806451 0.13323831242873432 0.10926612903225807 0.008346636259977195
2 0.7725483870967742 0.16429304446978335 0.07851612903225806 0.006790193842645382
2 0.7913467741935484 0.20252565564424174 0.11558064516129031 0.00718358038768529
2 0.7857258064516128 0.24532497149372862 0.10596774193548388 0.011647662485746864
2 0.7799596774193548 0.2766704675028506 0.09389516129032259 0.007958950969213228
1 0.8303467741935485 0.28741733181299883 0.09788709677419355 0.05111174458380844
2 0.7798225806451613 0.3196579247434435 0.09471774193548388 0.023677309007981758
2 0.7827016129032258 0.39845496009122006 0.10103225806451613 0.008928164196123148
2 0.7809193548387097 0.4401824401368301 0.09691129032258064 0.019407069555302164
2 0.7573064516129032 0.46687001140250856 0.10459677419354838 0.010285062713797035
2 0.7766612903225806 0.5026795895096922 0.11145967741935485 0.011647662485746864
2 0.8 0.5340250855188141 0.11255645161290322 0.01727480045610034
2 0.7669193548387097 0.5817673888255416 0.06725806451612903 0.009509692132269099
2 0.7897016129032258 0.6176738882554162 0.11063709677419355 0.01145381984036488
2 0.7853145161290322 0.6543557582668187 0.1067983870967742 0.012229190421892817
2 0.7820161290322581 0.6951140250855188 0.08208870967741937 0.008346636259977195
2 0.7894274193548387 0.734224629418472 0.08208870967741937 0.010091220068415051
2 0.731225806451613 0.7698403648802736 0.11173387096774194 0.009897377423033068
2 0.7905241935483871 0.8358266818700114 0.09745967741935484 0.009509692132269099
2 0.7807822580645161 0.9008437856328392 0.08455645161290322 0.010285062713797035
0 0.5936854838709678 0.9016191562143672 0.28854032258064516 0.01611174458380844
0 0.607 0.8321379703534777 0.2679435483870968 0.031248574686431017
0 0.5835241935483871 0.7692531356898518 0.17817741935483872 0.012616875712656784
0 0.6568306451612903 0.7430558722919042 0.1809193548387097 0.027366020524515394
0 0.6163306451612903 0.6843443557582668 0.2382983870967742 0.03920752565564424
0 0.6851048387096774 0.6548403648802736 0.09416935483870967 0.010478905359179018
0 0.6743951612903226 0.6179646522234892 0.11558064516129031 0.010866590649942987
0 0.5544274193548387 0.5788597491448119 0.3533306451612903 0.03590649942987457
0 0.6436532258064516 0.5484834663625997 0.1847661290322581 0.03183010262257697
0 0.6403548387096774 0.5027765108323832 0.15071774193548387 0.028916761687571266
0 0.579274193548387 0.4676453819840365 0.24817741935483872 0.015330672748004561
0 0.6135887096774194 0.43251995438996577 0.23116129032258062 0.016887115165336374
0 0.610016129032258 0.39709806157354616 0.23994354838709675 0.013198403648802736
0 0.6248064516129033 0.3162599771949829 0.21139516129032257 0.026505131128848346
0 0.6105887096774194 0.2786716077537058 0.2411290322580645 0.014851767388825541
0 0.6013709677419355 0.24633409350057012 0.25955645161290325 0.03976054732041049
0 0.624 0.20566134549600915 0.21624193548387097 0.01233751425313569
0 0.629008064516129 0.1655587229190422 0.2055725806451613 0.011653363740022805
0 0.6364435483870968 0.13505131128848347 0.2243225806451613 0.02330672748004561
0 0.6931693548387097 0.08078107183580388 0.09276612903225806 0.021254275940706956
0 0.6301451612903226 0.032445838084378564 0.19426612903225807 0.03793044469783352