1 0.6766451612903226 0.10795895096921324 0.06574999999999998 0.03422462941847205
1 0.6566209677419356 0.13838654503990877 0.07351612903225813 0.03169327251995437
1 0.6455645161290322 0.1711345496009122 0.07291935483870973 0.03295895096921326
1 0.6440645161290323 0.24846066134549602 0.07710483870967734 0.03802736602052454
1 0.6446693548387097 0.27972633979475486 0.06634677419354837 0.03211516533637399
1 0.5448467741935484 0.3536716077537058 0.06395161290322576 0.06169327251995441
1 0.5379758064516129 0.40543329532497147 0.06813709677419355 0.04183010262257703
1 0.6392903225806452 0.45804446978335234 0.0842741935483871 0.04478905359179016
1 0.6503467741935485 0.5155074116305588 0.09204838709677428 0.05493158494868866
1 0.6518387096774193 0.626641961231471 0.07710483870967734 0.04478905359179016
1 0.6530322580645161 0.6976282782212088 0.05797580645161298 0.02957810718358045
1 0.6377903225806452 0.7692474344355759 0.06454838709677417 0.04774800456100342
1 0.6524354838709677 0.8605188141391106 0.06275806451612898 0.05112884834663617
2 0.5645725806451614 0.8541847206385405 0.12013709677419357 0.009720638540479009
2 0.5311774193548386 0.759623717217788 0.1533629032258065 0.012901938426453883
2 0.5624354838709678 0.6963568985176739 0.12268548387096764 0.009332953249714875
2 0.55525 0.6167559863169897 0.11919354838709674 0.009332953249714875
2 0.5533145161290323 0.5167103762827822 0.10754838709677411 0.01564424173318133
2 0.5321532258064516 0.4571436716077537 0.1327822580645162 0.01619156214367166
2 0.465758064516129 0.42187571265678453 0.07765322580645158 0.008232611174458412
2 0.4809032258064517 0.36931014823261116 0.10172580645161299 0.010153933865450368
2 0.5566129032258065 0.2807924743443558 0.1125967741935483 0.00933295324971494
2 0.554282258064516 0.2423660205245154 0.10560483870967746 0.008232611174458412
2 0.5556370967741936 0.17704104903078677 0.11298387096774186 0.011527936145952124
2 0.5502016129032258 0.14011972633979475 0.14637096774193548 0.017839224629418483
2 0.5740806451612903 0.09181299885974914 0.14520967741935478 0.009606613454960104
0 0.36364516129032254 0.08783352337514254 0.27333064516129035 0.0614823261117446
0 0.35336290322580644 0.14259407069555302 0.2504274193548387 0.03541049030786774
0 0.39975806451612905 0.18541049030786771 0.198008064516129 0.0507810718358039
0 0.4168387096774194 0.23413340935005703 0.16928225806451616 0.04172177879133406
0 0.3762661290322581 0.28271379703534777 0.2434354838709677 0.02195553021664766
0 0.3764596774193548 0.3706841505131129 0.10172580645161294 0.015096921322691002
0 0.4028629032258064 0.4254446978335234 0.04658870967741934 0.014270239452679573
0 0.4195564516129032 0.4557753705815279 0.07221774193548383 0.012348916761687617
0 0.29473387096774195 0.5195895096921322 0.4072822580645161 0.01866590649942988
0 0.3799516129032258 0.6204618015963512 0.22674193548387103 0.05352337514253142
0 0.41082258064516125 0.704042189281642 0.17354838709677423 0.029093500570125542
0 0.34035483870967737 0.7564652223489167 0.227516129032258 0.03403648802736592
0 0.39354032258064514 0.863648802736602 0.21975 0.031014823261117496