1 0.689491935483871 0.101374786081004 0.1433145161290323 0.1365715915573303
1 0.7113870967741935 0.3090473474044495 0.11743548387096783 0.1267142042213349
1 0.7113870967741935 0.4959498003422704 0.12937903225806457 0.12882487164860235
1 0.6511774193548387 0.6775755847119224 0.11046774193548388 0.09925841414717627
1 0.6964596774193549 0.870467769537935 0.12937903225806457 0.1330519110096978
2 0.5636774193548387 0.8743297204791786 0.15420967741935487 0.01860239589275535
2 0.5582983870967742 0.6735025670279521 0.1171532258064516 0.013531089560752881
2 0.5941612903225807 0.49254991443240165 0.1374677419354839 0.019446662863662246
2 0.5860887096774193 0.30758128921848266 0.15002419354838709 0.020718767826582964
2 0.5857903225806451 0.10675413576725612 0.14225000000000007 0.01395322304620649
0 0.4342741935483871 0.08180832857957787 0.15838709677419358 0.07398745008556759
0 0.38705645161290325 0.27227609811751285 0.232508064516129 0.13783228750713064
0 0.40080645161290324 0.4893782087849401 0.24804838709677413 0.10104962920707365
0 0.39781451612903224 0.6656816885339418 0.19783870967741932 0.09258984597832284
0 0.4031935483870968 0.8219053051911009 0.26597580645161284 0.10992584141471752