1 0.26275 0.2218311466058186 0.18888709677419355 0.1850028522532801
1 0.3021048387096774 0.44537934968625215 0.15135483870967742 0.1233371363377068
1 0.29059677419354835 0.6954763262977753 0.11624193548387096 0.12504848830576157
1 0.26941129032258065 0.8787621220764404 0.1537741935483871 0.1318996006845408
2 0.39331451612903223 0.8783970336565886 0.13043548387096776 0.022829435253850543
2 0.395 0.7071876782658301 0.13245161290322582 0.023776383342840844
2 0.4131451612903225 0.4498973188819167 0.12707258064516128 0.015219623502567028
2 0.40340322580645166 0.2156759840273816 0.1627016129032258 0.014740444951511694
0 0.6195564516129032 0.1883285795778665 0.2978467741935484 0.18642897889332574
0 0.5738387096774193 0.4256474614945807 0.28574193548387095 0.15503707929264118
0 0.5570322580645162 0.6546377638334284 0.2722983870967742 0.21543639475185397
0 0.5882903225806452 0.8629435253850541 0.27834677419354836 0.1041528807758129