1 0.310508064516129 0.101374786081004 0.14331451612903226 0.13657159155733029
1 0.28861290322580646 0.3090473474044495 0.11743548387096775 0.12671420422133486
1 0.28861290322580646 0.4959498003422704 0.12937903225806452 0.1288248716486024
1 0.3488225806451613 0.6775755847119224 0.11046774193548387 0.09925841414717627
1 0.30354032258064517 0.870467769537935 0.12937903225806452 0.13305191100969765
2 0.4363225806451613 0.8743297204791786 0.15420967741935485 0.018602395892755277
2 0.44170161290322585 0.6735025670279521 0.11715322580645163 0.013531089560752994
2 0.40583870967741936 0.49254991443240165 0.1374677419354839 0.019446662863662294
2 0.41391129032258067 0.30758128921848266 0.15002419354838709 0.020718767826583
2 0.4142096774193548 0.10675413576725612 0.14225 0.013953223046206503
0 0.5657258064516129 0.08180832857957787 0.15838709677419355 0.07398745008556759
0 0.6129435483870967 0.27227609811751285 0.23250806451612904 0.13783228750713064
0 0.5991935483870968 0.4893782087849401 0.24804838709677418 0.10104962920707358
0 0.6021854838709678 0.6656816885339418 0.19783870967741934 0.09258984597832287
0 0.5968064516129032 0.8219053051911009 0.2659758064516129 0.10992584141471762