1 0.7372500000000001 0.2218311466058186 0.1888870967741935 0.18500285225328006
1 0.6978951612903226 0.44537934968625215 0.15135483870967747 0.12333713633770681
1 0.7094032258064517 0.6954763262977753 0.11624193548387086 0.12504848830576157
1 0.7305887096774194 0.8787621220764404 0.15377419354838714 0.13189960068454068
2 0.6066854838709678 0.8783970336565886 0.13043548387096776 0.022829435253850533
2 0.605 0.7071876782658301 0.13245161290322582 0.02377638334284075
2 0.5868548387096775 0.4498973188819167 0.12707258064516125 0.015219623502567064
2 0.5965967741935484 0.2156759840273816 0.1627016129032258 0.014740444951511712
0 0.38044354838709676 0.1883285795778665 0.2978467741935483 0.1864289788933257
0 0.4261612903225807 0.4256474614945807 0.2857419354838709 0.15503707929264118
0 0.4429677419354838 0.6546377638334284 0.27229838709677423 0.21543639475185394
0 0.4117096774193548 0.8629435253850541 0.2783467741935484 0.10415288077581285