1 0.33680645161290323 0.22175128351397605 0.1428548387096774 0.13825442099258414
2 0.45783870967741935 0.19765544780376498 0.13866935483870968 0.035094124358243016
0 0.6404354838709677 0.19448374215630349 0.24445967741935484 0.14544209925841414
1 0.32783870967741935 0.4610496292070736 0.15958870967741934 0.13064460924130064
2 0.4154032258064516 0.4561893896177981 0.15899193548387097 0.026212207644038792
0 0.6222096774193548 0.43906446092413004 0.2546209677419355 0.1272618368511124
1 0.3117016129032258 0.6739247005134057 0.13807258064516129 0.11922418710781517
2 0.40793548387096773 0.6642042213348545 0.12253225806451613 0.025367940673131775
0 0.6111532258064516 0.6684312606959498 0.28391129032258067 0.13275527666856818
1 0.29346774193548386 0.880250998288648 0.15420967741935485 0.12430119794637765
2 0.40165322580645163 0.8728522532800912 0.12551612903225806 0.018180262407301768
0 0.6631532258064515 0.854033086138049 0.3950806451612903 0.15135767256132343