1 0.6631935483870968 0.22175128351397605 0.1428548387096775 0.13825442099258414
2 0.5421612903225806 0.19765544780376498 0.1386693548387097 0.035094124358243
0 0.3595645161290323 0.19448374215630349 0.2444596774193548 0.14544209925841417
1 0.6721612903225807 0.4610496292070736 0.15958870967741925 0.1306446092413006
2 0.5845967741935484 0.4561893896177981 0.15899193548387103 0.026212207644038817
0 0.3777903225806452 0.43906446092413004 0.2546209677419355 0.12726183685111234
1 0.6882983870967742 0.6739247005134057 0.1380725806451613 0.11922418710781517
2 0.5920645161290323 0.6642042213348545 0.12253225806451618 0.02536794067313166
0 0.38884677419354835 0.6684312606959498 0.2839112903225806 0.13275527666856807
1 0.7065322580645161 0.880250998288648 0.15420967741935487 0.12430119794637769
2 0.5983467741935484 0.8728522532800912 0.12551612903225795 0.018180262407301705
0 0.3368467741935484 0.854033086138049 0.3950806451612903 0.1513576725613234