0 0.982389502762431 0.66015625 0.03522099447513812 0.1884765625
0 0.9426795580110497 0.662109375 0.054558011049723756 0.19677734375
0 0.8708563535911602 0.69091796875 0.06767955801104972 0.2392578125
0 0.8073204419889503 0.6806640625 0.05870165745856354 0.1982421875
0 0.7479281767955801 0.61572265625 0.07596685082872928 0.32275390625
0 0.6892265193370166 0.62158203125 0.06284530386740332 0.21044921875
0 0.6346685082872928 0.6484375 0.054558011049723756 0.21435546875
0 0.5939226519337016 0.68408203125 0.03798342541436464 0.13916015625
0 0.5255524861878453 0.6669921875 0.03383977900552486 0.24462890625
0 0.46408839779005523 0.66357421875 0.05662983425414365 0.2744140625
0 0.39571823204419887 0.6640625 0.055248618784530384 0.2666015625
0 0.3197513812154696 0.6259765625 0.04765193370165746 0.2392578125
0 0.26726519337016574 0.66455078125 0.05041436464088398 0.20556640625
0 0.21408839779005526 0.662109375 0.06077348066298342 0.1669921875
0 0.1464088397790055 0.6455078125 0.04281767955801105 0.1455078125