0 0.03038674033149171 0.65283203125 0.04350828729281768 0.27734375
0 0.09944751381215469 0.67626953125 0.0718232044198895 0.2744140625
0 0.15193370165745856 0.6630859375 0.04696132596685083 0.28076171875
0 0.21892265193370167 0.63623046875 0.05939226519337017 0.18408203125
0 0.30179558011049723 0.67822265625 0.052486187845303865 0.2099609375
0 0.3473756906077348 0.6923828125 0.03729281767955801 0.17626953125
0 0.3722375690607735 0.666015625 0.06146408839779006 0.150390625
0 0.43853591160220995 0.6787109375 0.060082872928176795 0.1923828125
0 0.48756906077348067 0.7001953125 0.06077348066298342 0.1904296875
0 0.619475138121547 0.63232421875 0.055248618784530384 0.2841796875
0 0.6595303867403315 0.6474609375 0.08701657458563536 0.31982421875
0 0.712707182320442 0.63232421875 0.05939226519337017 0.34375
0 0.7997237569060773 0.62255859375 0.08080110497237569 0.34619140625
0 0.861878453038674 0.66357421875 0.05386740331491713 0.255859375
0 0.9157458563535912 0.6435546875 0.0531767955801105 0.3193359375
0 0.8857044198895028 0.329833984375 0.2285911602209945 0.03955078125
0 0.5234806629834254 0.22900390625 0.3197513812154696 0.04296875
0 0.5006906077348067 0.26904296875 0.2541436464088398 0.03662109375
0 0.4861878453038674 0.2978515625 0.24102209944751382 0.02392578125
0 0.5283149171270718 0.33447265625 0.2617403314917127 0.0283203125
0 0.4958563535911602 0.3603515625 0.24033149171270718 0.03662109375
0 0.08632596685082873 0.197265625 0.17265193370165746 0.044921875
0 0.07147790055248619 0.2333984375 0.14295580110497239 0.0400390625
0 0.10531767955801105 0.27197265625 0.2106353591160221 0.033203125
0 0.1453729281767956 0.32275390625 0.2907458563535912 0.0478515625
0 0.15400552486187846 0.37060546875 0.3080110497237569 0.0439453125