0 0.7147790055248618 0.05859375 0.3294198895027624 0.05517578125
0 0.7493093922651933 0.10400390625 0.31284530386740333 0.0380859375
0 0.7265193370165746 0.150390625 0.26657458563535913 0.04150390625
0 0.7292817679558011 0.18701171875 0.27831491712707185 0.03857421875
0 0.7700276243093923 0.23779296875 0.3383977900552486 0.0478515625
0 0.755524861878453 0.28271484375 0.2803867403314917 0.04150390625
0 0.6636740331491713 0.32470703125 0.4564917127071823 0.0537109375
0 0.6719613259668509 0.3662109375 0.29765193370165743 0.04443359375
0 0.7099447513812155 0.40478515625 0.3031767955801105 0.03857421875
0 0.7603591160220995 0.43359375 0.1968232044198895 0.02685546875
0 0.7361878453038674 0.48193359375 0.34599447513812154 0.02392578125
0 0.731353591160221 0.525390625 0.38812154696132595 0.0400390625
0 0.7320441988950276 0.57373046875 0.3770718232044199 0.0390625
0 0.6781767955801105 0.62744140625 0.3383977900552486 0.03369140625
0 0.7327348066298343 0.66455078125 0.2907458563535912 0.03564453125
0 0.7292817679558011 0.7021484375 0.2361878453038674 0.04296875
0 0.7058011049723757 0.75 0.2058011049723757 0.0302734375