0 0.23066298342541436 0.02685546875 0.31837016574585636 0.0341796875
0 0.2796961325966851 0.07177734375 0.2610497237569061 0.03759765625
0 0.24171270718232044 0.1123046875 0.337707182320442 0.03955078125
0 0.24171270718232044 0.150390625 0.30732044198895025 0.0419921875
0 0.25 0.2021484375 0.2796961325966851 0.04443359375
0 0.2755524861878453 0.236328125 0.13328729281767956 0.04248046875
0 0.7285911602209945 0.029296875 0.39848066298342544 0.0478515625
0 0.6975138121546961 0.08935546875 0.4468232044198895 0.05126953125
0 0.7216850828729282 0.13232421875 0.39709944751381215 0.03662109375
0 0.6919889502762431 0.1591796875 0.35497237569060774 0.03076171875
0 0.7120165745856354 0.21044921875 0.393646408839779 0.04443359375
0 0.6906077348066298 0.251953125 0.430939226519337 0.0595703125
0 0.6816298342541437 0.2880859375 0.4026243093922652 0.04833984375
0 0.6878453038674033 0.33154296875 0.36671270718232046 0.05419921875
0 0.6906077348066298 0.4013671875 0.4116022099447514 0.0478515625
0 0.6906077348066298 0.44140625 0.39019337016574585 0.037109375
0 0.6616022099447514 0.46533203125 0.4164364640883978 0.02880859375
0 0.725828729281768 0.50048828125 0.32734806629834257 0.029296875
0 0.7354972375690608 0.5322265625 0.3825966850828729 0.0478515625
0 0.619475138121547 0.580078125 0.4965469613259669 0.03564453125
0 0.7727900552486188 0.6171875 0.30870165745856354 0.0400390625
0 0.7734806629834254 0.654296875 0.2776243093922652 0.04638671875
0 0.6926795580110497 0.69677734375 0.4005524861878453 0.044921875
0 0.7203038674033149 0.73291015625 0.31146408839779005 0.0322265625
0 0.6553867403314917 0.76318359375 0.3308011049723757 0.03466796875
0 0.6850828729281768 0.84619140625 0.42955801104972374 0.0517578125
0 0.6609116022099447 0.89501953125 0.4240331491712707 0.0439453125