0 0.26588397790055246 0.046875 0.38812154696132595 0.07373046875
0 0.2824585635359116 0.11279296875 0.4157458563535912 0.08251953125
0 0.2838397790055249 0.16796875 0.39226519337016574 0.03076171875
0 0.2506906077348066 0.216796875 0.38812154696132595 0.05078125
0 0.26933701657458564 0.25390625 0.39709944751381215 0.033203125
0 0.30732044198895025 0.30126953125 0.26035911602209943 0.0419921875
0 0.2479281767955801 0.35986328125 0.2969613259668508 0.037109375
0 0.22790055248618785 0.39208984375 0.24930939226519336 0.0263671875
0 0.26519337016574585 0.40966796875 0.212707182320442 0.04345703125
0 0.2472375690607735 0.45654296875 0.27209944751381215 0.04248046875
0 0.21685082872928177 0.4912109375 0.26933701657458564 0.04296875
0 0.31284530386740333 0.58447265625 0.40193370165745856 0.0390625
0 0.2914364640883978 0.61279296875 0.45234806629834257 0.0615234375
0 0.31284530386740333 0.650390625 0.4861878453038674 0.0419921875
0 0.3266574585635359 0.7119140625 0.48964088397790057 0.05712890625
0 0.268646408839779 0.755859375 0.36187845303867405 0.0380859375
0 0.2969613259668508 0.7939453125 0.4516574585635359 0.03759765625
0 0.2948895027624309 0.890625 0.36187845303867405 0.0322265625
0 0.2845303867403315 0.9443359375 0.3756906077348066 0.04443359375
0 0.7403314917127072 0.8251953125 0.05593922651933702 0.26611328125
0 0.8832872928176796 0.5166015625 0.06077348066298342 0.22607421875
0 0.8266574585635359 0.50048828125 0.05179558011049724 0.1796875
0 0.7859116022099447 0.490234375 0.03383977900552486 0.17041015625
0 0.7341160220994475 0.52001953125 0.04005524861878453 0.18505859375
0 0.6975138121546961 0.4970703125 0.05179558011049724 0.169921875
0 0.9281767955801105 0.18212890625 0.06353591160220995 0.17333984375
0 0.8770718232044199 0.14794921875 0.05662983425414365 0.19921875
0 0.8225138121546961 0.1875 0.04696132596685083 0.2158203125
0 0.7506906077348067 0.2109375 0.06767955801104972 0.2822265625
0 0.6830110497237569 0.2119140625 0.062154696132596686 0.30517578125