0 0.975828729281768 0.625 0.04834254143646409 0.349609375
0 0.9233425414364641 0.61572265625 0.04281767955801105 0.37060546875
0 0.8397790055248618 0.625 0.05662983425414365 0.30029296875
0 0.7914364640883977 0.619140625 0.04765193370165746 0.345703125
0 0.7403314917127072 0.61962890625 0.0718232044198895 0.365234375
0 0.6595303867403315 0.638671875 0.05386740331491713 0.337890625
0 0.6042817679558011 0.63525390625 0.06284530386740332 0.35498046875
0 0.5324585635359116 0.5966796875 0.05179558011049724 0.3408203125
0 0.47168508287292815 0.638671875 0.06906077348066299 0.29150390625
0 0.4026243093922652 0.6748046875 0.04834254143646409 0.1591796875
0 0.3639502762430939 0.66796875 0.031077348066298343 0.13330078125
0 0.27486187845303867 0.6328125 0.10013812154696132 0.3310546875
0 0.18439226519337015 0.6435546875 0.07458563535911603 0.326171875
0 0.11533149171270718 0.5791015625 0.06422651933701658 0.31689453125
0 0.04005524861878453 0.66015625 0.049723756906077346 0.17041015625
0 0.004143646408839779 0.65966796875 0.008287292817679558 0.1171875