0 0.9095303867403315 0.23046875 0.09323204419889503 0.26220703125
0 0.7852209944751382 0.25146484375 0.08149171270718232 0.2822265625
0 0.7175414364640884 0.267578125 0.06629834254143646 0.3125
0 0.8052486187845304 0.69677734375 0.09185082872928177 0.3232421875
0 0.6774861878453039 0.7021484375 0.062154696132596686 0.32421875
0 0.16574585635359115 0.9541015625 0.18922651933701656 0.046875
0 0.30870165745856354 0.91162109375 0.481353591160221 0.0400390625
0 0.31353591160220995 0.8740234375 0.44613259668508287 0.052734375
0 0.2562154696132597 0.8447265625 0.4046961325966851 0.05078125
0 0.3011049723756906 0.7890625 0.47168508287292815 0.056640625
0 0.24585635359116023 0.74169921875 0.31837016574585636 0.052734375
0 0.2990331491712707 0.6865234375 0.4219613259668508 0.06494140625
0 0.23480662983425415 0.63720703125 0.26726519337016574 0.03759765625
0 0.2948895027624309 0.61083984375 0.4302486187845304 0.03564453125
0 0.18232044198895028 0.56689453125 0.21616022099447513 0.0439453125
0 0.332182320441989 0.55810546875 0.2900552486187845 0.03759765625
0 0.287292817679558 0.51708984375 0.20096685082872928 0.03564453125
0 0.2852209944751381 0.451171875 0.39502762430939226 0.03076171875
0 0.24585635359116023 0.41796875 0.27002762430939226 0.041015625
0 0.212707182320442 0.3798828125 0.2520718232044199 0.02783203125
0 0.27002762430939226 0.353515625 0.35842541436464087 0.02978515625
0 0.26588397790055246 0.3291015625 0.3294198895027624 0.02880859375
0 0.31146408839779005 0.29296875 0.39088397790055246 0.046875
0 0.3342541436464088 0.21630859375 0.43853591160220995 0.0478515625
0 0.38812154696132595 0.17578125 0.2175414364640884 0.041015625
0 0.3473756906077348 0.14453125 0.4302486187845304 0.03662109375
0 0.2513812154696133 0.10400390625 0.23342541436464087 0.0478515625
0 0.39157458563535913 0.06787109375 0.43162983425414364 0.03759765625