0 0.011740331491712707 0.47216796875 0.023480662983425413 0.328125
0 0.04488950276243094 0.49267578125 0.06837016574585636 0.27392578125
0 0.13259668508287292 0.50244140625 0.07044198895027624 0.24951171875
0 0.1871546961325967 0.47607421875 0.04765193370165746 0.302734375
0 0.2921270718232044 0.46484375 0.09185082872928177 0.18701171875
0 0.3687845303867403 0.4814453125 0.0738950276243094 0.14013671875
0 0.44129834254143646 0.52685546875 0.06698895027624309 0.2119140625
0 0.5262430939226519 0.4228515625 0.08701657458563536 0.431640625
0 0.6767955801104972 0.48193359375 0.07251381215469613 0.30126953125
0 0.7831491712707183 0.50146484375 0.054558011049723756 0.2548828125
0 0.8798342541436464 0.46484375 0.0787292817679558 0.31640625
0 0.9861878453038674 0.48828125 0.027624309392265192 0.283203125