0 0.27417127071823205 0.12841796875 0.38535911602209943 0.04150390625
0 0.26795580110497236 0.1943359375 0.4150552486187845 0.0390625
0 0.23480662983425415 0.248046875 0.4074585635359116 0.0625
0 0.2893646408839779 0.31787109375 0.4703038674033149 0.06884765625
0 0.26243093922651933 0.37548828125 0.47168508287292815 0.0498046875
0 0.2914364640883978 0.41650390625 0.48273480662983426 0.0380859375
0 0.2534530386740331 0.47021484375 0.43162983425414364 0.06201171875
0 0.26450276243093923 0.56591796875 0.47375690607734805 0.0791015625
0 0.2914364640883978 0.61328125 0.5234806629834254 0.0498046875
0 0.281767955801105 0.6572265625 0.47168508287292815 0.06005859375
0 0.17196132596685082 0.7080078125 0.30870165745856354 0.060546875
0 0.2451657458563536 0.7587890625 0.3632596685082873 0.05029296875
0 0.31146408839779005 0.81494140625 0.5290055248618785 0.07568359375
0 0.22997237569060774 0.86279296875 0.343232044198895 0.04736328125
0 0.3169889502762431 0.88720703125 0.48411602209944754 0.04736328125
0 0.5359116022099447 0.9091796875 0.18922651933701656 0.0166015625
0 0.38743093922651933 0.94189453125 0.585635359116022 0.0634765625