0 0.024171270718232045 0.375 0.04834254143646409 0.349609375
0 0.07665745856353591 0.38427734375 0.04281767955801105 0.37060546875
0 0.16022099447513813 0.375 0.05662983425414365 0.30029296875
0 0.2085635359116022 0.380859375 0.04765193370165746 0.345703125
0 0.2596685082872928 0.38037109375 0.0718232044198895 0.365234375
0 0.3404696132596685 0.361328125 0.05386740331491713 0.337890625
0 0.39571823204419887 0.36474609375 0.06284530386740332 0.35498046875
0 0.4675414364640884 0.4033203125 0.05179558011049724 0.3408203125
0 0.5283149171270718 0.361328125 0.06906077348066299 0.29150390625
0 0.5973756906077348 0.3251953125 0.04834254143646409 0.1591796875
0 0.636049723756906 0.33203125 0.031077348066298343 0.13330078125
0 0.7251381215469613 0.3671875 0.10013812154696132 0.3310546875
0 0.8156077348066298 0.3564453125 0.07458563535911603 0.326171875
0 0.8846685082872928 0.4208984375 0.06422651933701658 0.31689453125
0 0.9599447513812155 0.33984375 0.049723756906077346 0.17041015625
0 0.9958563535911602 0.34033203125 0.008287292817679558 0.1171875