0 0.017265193370165747 0.33984375 0.034530386740331494 0.1884765625
0 0.057320441988950276 0.337890625 0.054558011049723756 0.19677734375
0 0.12914364640883977 0.30908203125 0.06767955801104972 0.2392578125
0 0.19267955801104972 0.3193359375 0.05870165745856354 0.1982421875
0 0.2520718232044199 0.38427734375 0.07596685082872928 0.32275390625
0 0.31077348066298344 0.37841796875 0.06284530386740332 0.21044921875
0 0.3653314917127072 0.3515625 0.054558011049723756 0.21435546875
0 0.40607734806629836 0.31591796875 0.03798342541436464 0.13916015625
0 0.4744475138121547 0.3330078125 0.03383977900552486 0.24462890625
0 0.5359116022099447 0.33642578125 0.05662983425414365 0.2744140625
0 0.6042817679558011 0.3359375 0.055248618784530384 0.2666015625
0 0.6802486187845304 0.3740234375 0.04765193370165746 0.2392578125
0 0.7327348066298343 0.33544921875 0.05041436464088398 0.20556640625
0 0.7859116022099447 0.337890625 0.06077348066298342 0.1669921875
0 0.8535911602209945 0.3544921875 0.04281767955801105 0.1455078125