0 0.46685082872928174 0.908203125 0.4889502762430939 0.0625
0 0.4606353591160221 0.85986328125 0.46408839779005523 0.0458984375
0 0.48964088397790057 0.82177734375 0.38743093922651933 0.04833984375
0 0.5034530386740331 0.759765625 0.35290055248618785 0.0498046875
0 0.4661602209944751 0.72119140625 0.4281767955801105 0.03369140625
0 0.45027624309392267 0.64697265625 0.26450276243093923 0.06494140625
0 0.47375690607734805 0.5927734375 0.19820441988950277 0.05224609375
0 0.5379834254143646 0.54150390625 0.29972375690607733 0.04736328125
0 0.39088397790055246 0.4814453125 0.6104972375690608 0.0615234375
0 0.4744475138121547 0.375 0.4261049723756906 0.05126953125
0 0.5020718232044199 0.2998046875 0.36049723756906077 0.03857421875
0 0.45027624309392267 0.2314453125 0.44751381215469616 0.0556640625
0 0.48342541436464087 0.1396484375 0.4005524861878453 0.052734375