0 0.6878453038674033 0.0517578125 0.44820441988950277 0.04931640625
0 0.705110497237569 0.10595703125 0.43232044198895025 0.04931640625
0 0.6767955801104972 0.16064453125 0.494475138121547 0.0400390625
0 0.6636740331491713 0.20068359375 0.524171270718232 0.0302734375
0 0.6767955801104972 0.259765625 0.42472375690607733 0.0400390625
0 0.6685082872928176 0.2939453125 0.4889502762430939 0.03369140625
0 0.6691988950276243 0.330078125 0.5165745856353591 0.05078125
0 0.6961325966850829 0.38720703125 0.47790055248618785 0.0380859375
0 0.6912983425414365 0.42626953125 0.5020718232044199 0.04443359375
0 0.6367403314917127 0.47705078125 0.48204419889502764 0.03662109375
0 0.6961325966850829 0.52001953125 0.412292817679558 0.048828125
0 0.7472375690607734 0.56884765625 0.22513812154696133 0.0341796875
0 0.7375690607734806 0.59619140625 0.18853591160220995 0.02197265625
0 0.6878453038674033 0.6591796875 0.468232044198895 0.07080078125
0 0.7030386740331491 0.72314453125 0.4613259668508287 0.052734375
0 0.611878453038674 0.77197265625 0.44820441988950277 0.04541015625
0 0.7265193370165746 0.8251953125 0.24102209944751382 0.03515625
0 0.725828729281768 0.8583984375 0.16574585635359115 0.021484375