0 0.06767955801104972 0.6640625 0.055248618784530384 0.29345703125
0 0.143646408839779 0.6875 0.08839779005524862 0.2880859375
0 0.24240331491712708 0.64892578125 0.09737569060773481 0.33251953125
0 0.3238950276243094 0.66796875 0.07044198895027624 0.33349609375
0 0.3819060773480663 0.6474609375 0.05386740331491713 0.34130859375
0 0.4578729281767956 0.67431640625 0.08770718232044199 0.30517578125
0 0.5932320441988951 0.66650390625 0.11187845303867404 0.3349609375
0 0.6602209944751382 0.6474609375 0.07044198895027624 0.3701171875
0 0.7223756906077348 0.654296875 0.08494475138121547 0.33349609375
0 0.7941988950276243 0.73193359375 0.0856353591160221 0.21826171875
0 0.8660220994475138 0.68017578125 0.07113259668508287 0.2568359375
0 0.9454419889502762 0.63330078125 0.10704419889502763 0.3740234375
0 0.9896408839779005 0.690673828125 0.020718232044198894 0.24267578125