0 0.9696132596685083 0.34716796875 0.04350828729281768 0.27734375
0 0.9005524861878453 0.32373046875 0.0718232044198895 0.2744140625
0 0.8480662983425414 0.3369140625 0.04696132596685083 0.28076171875
0 0.7810773480662984 0.36376953125 0.05939226519337017 0.18408203125
0 0.6982044198895028 0.32177734375 0.052486187845303865 0.2099609375
0 0.6526243093922652 0.3076171875 0.03729281767955801 0.17626953125
0 0.6277624309392266 0.333984375 0.06146408839779006 0.150390625
0 0.56146408839779 0.3212890625 0.060082872928176795 0.1923828125
0 0.5124309392265194 0.2998046875 0.06077348066298342 0.1904296875
0 0.380524861878453 0.36767578125 0.055248618784530384 0.2841796875
0 0.3404696132596685 0.3525390625 0.08701657458563536 0.31982421875
0 0.287292817679558 0.36767578125 0.05939226519337017 0.34375
0 0.20027624309392264 0.37744140625 0.08080110497237569 0.34619140625
0 0.13812154696132597 0.33642578125 0.05386740331491713 0.255859375
0 0.08425414364640885 0.3564453125 0.0531767955801105 0.3193359375
0 0.11395027624309392 0.669677734375 0.22790055248618785 0.03955078125
0 0.47651933701657456 0.77099609375 0.3197513812154696 0.04296875
0 0.4993093922651934 0.73095703125 0.2541436464088398 0.03662109375
0 0.5138121546961326 0.7021484375 0.24102209944751382 0.02392578125
0 0.47168508287292815 0.66552734375 0.2617403314917127 0.0283203125
0 0.5041436464088398 0.6396484375 0.24033149171270718 0.03662109375
0 0.913328729281768 0.802734375 0.17334254143646408 0.044921875
0 0.9285220994475138 0.7666015625 0.14295580110497239 0.0400390625
0 0.8946823204419889 0.72802734375 0.2106353591160221 0.033203125
0 0.8546270718232044 0.67724609375 0.2907458563535912 0.0478515625
0 0.8456491712707183 0.62939453125 0.30870165745856354 0.0439453125