0 0.5331491712707183 0.091796875 0.4889502762430939 0.0625
0 0.539364640883978 0.14013671875 0.46408839779005523 0.0458984375
0 0.5103591160220995 0.17822265625 0.38743093922651933 0.04833984375
0 0.4965469613259669 0.240234375 0.35290055248618785 0.0498046875
0 0.5338397790055248 0.27880859375 0.4281767955801105 0.03369140625
0 0.5497237569060773 0.35302734375 0.26450276243093923 0.06494140625
0 0.5262430939226519 0.4072265625 0.19820441988950277 0.05224609375
0 0.4620165745856354 0.45849609375 0.29972375690607733 0.04736328125
0 0.6091160220994475 0.5185546875 0.6104972375690608 0.0615234375
0 0.5255524861878453 0.625 0.4261049723756906 0.05126953125
0 0.4979281767955801 0.7001953125 0.36049723756906077 0.03857421875
0 0.5497237569060773 0.7685546875 0.44751381215469616 0.0556640625
0 0.5165745856353591 0.8603515625 0.4005524861878453 0.052734375