0 0.982389502762431 0.317138671875 0.03522099447513812 0.21728515625
0 0.9212707182320442 0.3232421875 0.06284530386740332 0.19775390625
0 0.8729281767955801 0.34130859375 0.060082872928176795 0.09423828125
0 0.9799723756906077 0.6357421875 0.04005524861878453 0.2509765625
0 0.9095303867403315 0.64990234375 0.06284530386740332 0.2783203125
0 0.850828729281768 0.634765625 0.08425414364640885 0.3046875
0 0.7997237569060773 0.62841796875 0.06837016574585636 0.28466796875
0 0.7382596685082873 0.6328125 0.07665745856353591 0.25927734375
0 0.6395027624309392 0.634765625 0.06767955801104972 0.291015625
0 0.5828729281767956 0.634765625 0.052486187845303865 0.27587890625
0 0.5490331491712708 0.6142578125 0.04074585635359116 0.29443359375
0 0.4993093922651934 0.65966796875 0.04143646408839779 0.2314453125
0 0.4544198895027624 0.66650390625 0.06767955801104972 0.2705078125
0 0.3867403314917127 0.58447265625 0.05041436464088398 0.35107421875
0 0.3342541436464088 0.69287109375 0.05662983425414365 0.21826171875
0 0.281767955801105 0.693359375 0.06560773480662983 0.1962890625
0 0.22168508287292818 0.63623046875 0.06353591160220995 0.283203125
0 0.17058011049723756 0.65576171875 0.04558011049723757 0.22021484375
0 0.1277624309392265 0.60986328125 0.04903314917127072 0.23388671875
0 0.023480662983425413 0.630859375 0.04696132596685083 0.3037109375