0 0.8477209944751382 0.789306640625 0.30455801104972374 0.06591796875
0 0.8259668508287292 0.70166015625 0.34806629834254144 0.0576171875
0 0.8038674033149171 0.65380859375 0.39226519337016574 0.046875
0 0.22513812154696133 0.715576171875 0.45027624309392267 0.06494140625
0 0.22168508287292818 0.62548828125 0.44337016574585636 0.0439453125
0 0.024171270718232045 0.32763671875 0.04834254143646409 0.2861328125
0 0.09116022099447514 0.359375 0.08011049723756906 0.33349609375
0 0.15814917127071823 0.3203125 0.07458563535911603 0.22509765625
0 0.2361878453038674 0.35791015625 0.09185082872928177 0.29833984375
0 0.305939226519337 0.3125 0.0531767955801105 0.18896484375
0 0.343232044198895 0.35498046875 0.05041436464088398 0.30419921875
0 0.4053867403314917 0.275390625 0.062154696132596686 0.15283203125
0 0.417817679558011 0.38134765625 0.0531767955801105 0.205078125
0 0.47582872928176795 0.349609375 0.05041436464088398 0.14208984375
0 0.569060773480663 0.34814453125 0.04350828729281768 0.279296875
0 0.6160220994475138 0.3203125 0.058011049723756904 0.19091796875
0 0.669889502762431 0.296875 0.0393646408839779 0.17822265625
0 0.7071823204419889 0.33740234375 0.04212707182320442 0.25341796875
0 0.7417127071823204 0.33447265625 0.04074585635359116 0.23291015625
0 0.7928176795580111 0.36669921875 0.06629834254143646 0.2763671875
0 0.9012430939226519 0.3828125 0.06767955801104972 0.31005859375
0 0.9585635359116023 0.4208984375 0.058011049723756904 0.15380859375
0 0.9882596685082873 0.391845703125 0.023480662983425413 0.30419921875